<生成时间>2016-3-1-17-22-46
此表存放的是该时刻从数据库中计算得到的CPD

212015090057	: 14,2,3,4,5,6,7,8: 0.10,0.20,0.30,0.40,0.50,0.60,0.70,0.80

212015090002	: 15,2,3,4,5,6,7,8: 0.10,0.20,0.30,0.40,0.50,0.60,0.70,0.80

212015090044	: 14,2,3,4,5,6,7,8: 0.10,0.20,0.30,0.40,0.50,0.60,0.70,0.80

212015090059	: 15,2,3,4,5,6,7,8: 0.10,0.20,0.30,0.40,0.50,0.60,0.70,0.80

212015090032	: 14,2,3,4: 0.01,0.20,0.30,0.40

212015090067	: 13,2,3,4,5,6,7,8: 0.10,0.20,0.30,0.40,0.50,0.60,0.70,0.80

212015090012	: 13,2,3,4,5,6,7,8: 0.10,0.20,0.30,0.40,0.50,0.60,0.70,0.80

212015090014	: 13,2,3,4,5,6,7,8: 0.10,0.20,0.30,0.40,0.50,0.60,0.70,0.80

212015090079	: 14,2,3,4,5,6,7,8: 0.10,0.20,0.30,0.40,0.50,0.60,0.70,0.80

212015090080	: 14,2,3,4,5,6,7,8: 0.10,0.20,0.30,0.40,0.50,0.60,0.70,0.80

212015090022	: 13,2,3,4,5,6,7,8: 0.23,0.20,0.30,0.40,0.50,0.60,0.70,0.80

212015090006	: 14,2,3,4,5,6,7,8: 6.63,0.20,0.30,0.40,0.50,0.60,0.70,0.80

212015090025	: 15,2,3,4,5,6,7,8: 0.10,0.20,0.30,0.40,0.50,0.60,0.70,0.80

212015090069	: 14,2,3,4,5,6,7,8: 0.10,0.20,0.30,0.40,0.50,0.60,0.70,0.80

212015090058	: 14,2,3,4: 0.10,0.20,0.30,0.40

212015090020	: 14,2: 0.10,0.20

212015090005	: 14,2,3,4,5,6,7,8: 0.10,0.20,0.30,0.40,0.50,0.60,0.70,0.80

212015090050	: 14,2,3,4,5,6,7,8: 0.10,0.20,0.30,0.40,0.50,0.60,0.70,0.80

212015090060	: 15,2,3,4,5,6,7,8: 0.10,0.20,0.30,0.40,0.50,0.60,0.70,0.80

212015090066	: 14,2,3,4,5,6,7,8: 0.10,0.20,0.30,0.40,0.50,0.60,0.70,0.80

212015090039	: 12,2,3,4,5,6,7,8: 0.10,0.20,0.30,0.40,0.50,0.60,0.70,0.80

212015090030	: 14,2,3,4,5,6,7,8: 0.10,0.20,0.30,0.40,0.50,0.60,0.70,0.80

212015090001	: 11,2,3,4: 0.10,0.20,0.30,0.40

212015090072	: 14,2,3,4,5,6,7,8: 0.10,0.20,0.30,0.40,0.50,0.60,0.70,0.80

212015090018	: 13,2,3,4,5,6,7,8: 0.10,0.20,0.30,0.40,0.50,0.60,0.70,0.80

212015090052	: 13,2,3,4: 0.10,0.20,0.30,0.40

212015090024	: 17,2,3,4,5,6,7,8: 0.10,0.20,0.30,0.40,0.50,0.60,0.70,0.80

212015090076	: 14,2,3,4,5,6,7,8: 0.10,0.20,0.30,0.40,0.50,0.60,0.70,0.80

212015090070	: 14,2,3,4: 0.10,0.20,0.30,0.40

212015090054	: 15,2,3,4,5,6,7,8: 0.10,0.20,0.30,0.40,0.50,0.60,0.70,0.80

212015090068	: 14,2: 0.10,0.20

212015090046	: 15,2,3,4,5,6,7,8: 0.10,0.20,0.30,0.40,0.50,0.60,0.70,0.80

212015090064	: 14,2,3,4,5,6,7,8: 0.06,0.20,0.30,0.40,0.50,0.60,0.70,0.80

212015090061	: 15,2,3,4,5,6,7,8: 0.10,0.20,0.30,0.40,0.50,0.60,0.70,0.80

212015090038	: 16,2,3,4,5,6,7,8: 0.10,0.20,0.30,0.40,0.50,0.60,0.70,0.80

212015090047	: 15,2,3,4,5,6,7,8: 0.01,0.20,0.30,0.40,0.50,0.60,0.70,0.80

212015090016	: 14,2,3,4,5,6,7,8: 0.10,0.20,0.30,0.40,0.50,0.60,0.70,0.80

212015090010	: 15,2,3,4,5,6,7,8: 0.07,0.20,0.30,0.40,0.50,0.60,0.70,0.80

212015090023	: 13,2,3,4,5,6,7,8: 0.02,0.20,0.30,0.40,0.50,0.60,0.70,0.80

212015090077	: 15,2,3,4,5,6,7,8: 0.23,0.20,0.30,0.40,0.50,0.60,0.70,0.80

212015090017	: 14,2,3,4,5,6,7,8: 0.01,0.20,0.30,0.40,0.50,0.60,0.70,0.80

212015090045	: 14,2,3,4,5,6,7,8: 0.05,0.20,0.30,0.40,0.50,0.60,0.70,0.80

212015090034	: 15,2: 0.02,0.20

212015090056	: 12,2,3,4,5,6,7,8: 0.24,0.20,0.30,0.40,0.50,0.60,0.70,0.80

212015090043	: 12,2,3,4,5,6,7,8: 0.10,0.20,0.30,0.40,0.50,0.60,0.70,0.80

212015090008	: 13,2,3,4,5,6,7,8: 0.10,0.20,0.30,0.40,0.50,0.60,0.70,0.80

212015090036	: 13,2,3,4,5,6,7,8: 0.23,0.20,0.30,0.40,0.50,0.60,0.70,0.80

212015090013	: 14,2,3,4,5,6,7,8: 0.01,0.20,0.30,0.40,0.50,0.60,0.70,0.80

212015090041	: 14,2,3,4,5,6,7,8: 0.10,0.20,0.30,0.40,0.50,0.60,0.70,0.80

212015090031	: 14,2,3,4,5,6,7,8: 0.10,0.20,0.30,0.40,0.50,0.60,0.70,0.80

212015090062	: 13,2,3,4,5,6,7,8: 0.10,0.20,0.30,0.40,0.50,0.60,0.70,0.80

212015090033	: 14,2,3,4,5,6,7,8: 0.02,0.20,0.30,0.40,0.50,0.60,0.70,0.80

212015090042	: 14,2,3,4,5,6,7,8: 0.10,0.20,0.30,0.40,0.50,0.60,0.70,0.80

